-2.434253016712842221e+00
1.000000000000000056e-01
4.942462952611011429e-01
1.000000000000000056e-01
5.979860550418334419e-01
1.000000000000000056e-01
4.524073421902948255e-01
1.000000000000000056e-01
4.257954126934201944e-01
1.000000000000000056e-01
4.754223931873712838e-01
1.000000000000000056e-01
5.107867836957736829e-01
1.000003251896059014e-01
5.143371772355563865e-01
1.000000000000000056e-01
4.799480713563457068e-01
1.088836712077385499e-01
4.737128159805549799e-01
1.537047813552246123e-01
4.332322424656708248e-01
1.832417103099127087e-01
3.914986538224375368e-01
2.337506414031832458e-01
3.629660138356078924e-01
2.364655896296658233e-01
3.623680534219450577e-01
2.455654440226305302e-01
3.677374647502288374e-01
2.403428164244080234e-01
3.777440742448840427e-01
2.242025215790285630e-01
3.784949159668142826e-01
2.187217060951650305e-01
3.810810033454205548e-01
2.189764650130274215e-01
3.810105268713623317e-01
2.208893243425774366e-01
3.812287617119317629e-01
2.164772603778851445e-01
3.814447077135686426e-01
2.198526428402425292e-01
3.617832739527340746e-01
2.382725483258587851e-01
3.635215869827563839e-01
2.552708508423510159e-01
3.454544480299753251e-01
2.719376363185684875e-01
3.287977054453619652e-01
2.758004986583721951e-01
